      0/99     3.57G    0.0639   0.01289   0.01437   0.09117         8       640    0.5938    0.2579    0.2506   0.09096   0.08003   0.02303   0.01669
      1/99     7.58G    0.0576   0.01129  0.009186   0.07807        21       640    0.4234     0.304    0.2626    0.0954   0.08051   0.02303   0.01627
      2/99     10.6G   0.05572   0.01151  0.008643   0.07587        12       640    0.4112    0.3186    0.2697    0.1012   0.08035   0.02342    0.0158
      3/99     10.6G   0.05497   0.01152  0.008292   0.07479         7       640    0.4896    0.3129    0.3062    0.1212   0.08398   0.02051   0.01649
      4/99     10.6G   0.05216   0.01176  0.007479   0.07141        27       640    0.4067     0.405    0.3436    0.1359   0.07218   0.02287   0.01548
      5/99     10.6G   0.04998   0.01199  0.006763   0.06873        11       640    0.5108    0.4026    0.3986    0.1614    0.0689   0.02327   0.01526
      6/99     10.6G   0.04872   0.01187  0.006324   0.06692        15       640    0.5086    0.4204     0.416    0.1728   0.06787   0.02229   0.01469
      7/99     10.6G   0.04804   0.01179  0.006114   0.06595         4       640    0.5122    0.4355    0.4336    0.1798   0.06733   0.02227   0.01407
      8/99     10.6G   0.04757   0.01193  0.006038   0.06554        12       640    0.4946    0.4393    0.4214     0.186   0.06624   0.02242   0.01378
      9/99     10.6G   0.04715    0.0117  0.005813   0.06467         6       640    0.4976    0.4856    0.4553    0.1912   0.06597   0.02196   0.01309
     10/99     10.6G   0.04682    0.0118  0.005737   0.06436         7       640    0.5058    0.4662    0.4634    0.1994   0.06491   0.02202   0.01258
     11/99     10.6G   0.04645   0.01172  0.005698   0.06386        12       640    0.5004    0.4991    0.4726    0.1981   0.06416   0.02198   0.01258
     12/99     10.6G   0.04638   0.01163    0.0055   0.06352         5       640    0.5407    0.4821    0.4898    0.2167   0.06399   0.02163   0.01242
     13/99     10.6G   0.04593   0.01168  0.005433   0.06304         4       640    0.5486    0.4805    0.4946    0.2209   0.06369   0.02189   0.01228
     14/99     10.6G   0.04588   0.01162  0.005341   0.06284         5       640      0.57    0.4841    0.5003    0.2192   0.06345   0.02186   0.01264
     15/99     10.6G   0.04565   0.01157  0.005309   0.06253         3       640    0.5195    0.5131    0.5049    0.2252   0.06302   0.02162   0.01256
     16/99     10.6G    0.0456   0.01172  0.005268   0.06258        10       640    0.5761    0.4922    0.5152    0.2316   0.06215   0.02159   0.01239
     17/99     10.6G   0.04496   0.01165  0.005017   0.06163         5       640    0.6125    0.4838     0.523    0.2397    0.0624    0.0216   0.01189
     18/99     10.6G     0.045   0.01166  0.005031   0.06169         5       640    0.5826    0.5102    0.5285    0.2394   0.06191   0.02144   0.01236
     19/99     10.6G   0.04491   0.01146  0.004962   0.06133        11       640    0.5953    0.5062    0.5363    0.2452   0.06136   0.02148    0.0125
     20/99     10.6G   0.04453   0.01153  0.004876   0.06094         5       640    0.5807    0.5079    0.5382    0.2443    0.0614   0.02127   0.01211
     21/99     10.6G    0.0446   0.01154  0.004901   0.06104         4       640    0.5787    0.5045    0.5358    0.2425   0.06138   0.02142   0.01207
     22/99     10.6G    0.0445   0.01143  0.004852   0.06077         9       640    0.6173    0.5036    0.5459    0.2519    0.0609   0.02118   0.01201
     23/99     10.6G   0.04432   0.01141  0.004794   0.06053        18       640    0.6355    0.4987    0.5562    0.2559   0.06063   0.02135   0.01178
     24/99     10.6G   0.04406   0.01125  0.004779   0.06009         6       640    0.6013    0.5244     0.559    0.2565   0.06083   0.02119   0.01163
     25/99     10.6G   0.04407   0.01146  0.004767   0.06029        24       640     0.628    0.5074    0.5645    0.2598   0.06109   0.02102    0.0115
     26/99     10.6G   0.04381   0.01146  0.004611   0.05987         5       640    0.6202    0.5254    0.5677     0.262   0.06035   0.02106    0.0116
     27/99     10.6G   0.04386   0.01143  0.004695   0.05998        13       640    0.5752     0.547     0.565    0.2624    0.0601     0.021   0.01176
     28/99     10.6G   0.04359   0.01136  0.004452    0.0594         4       640    0.6019    0.5208    0.5653    0.2651   0.05952   0.02111   0.01172
     29/99     10.6G   0.04361   0.01126  0.004464   0.05933        13       640    0.6373    0.5184    0.5715    0.2688   0.05933   0.02113   0.01173
     30/99     10.6G    0.0435   0.01118  0.004605   0.05928         4       640    0.6366    0.5198    0.5729    0.2694    0.0592   0.02112   0.01158
     31/99     10.6G    0.0433   0.01128  0.004481   0.05906        10       640    0.6153    0.5336    0.5769    0.2703   0.05928   0.02103   0.01141
     32/99     10.6G   0.04312   0.01126   0.00447   0.05885         1       640    0.6104    0.5432     0.583    0.2732     0.059   0.02101   0.01133
     33/99     10.6G   0.04331   0.01136  0.004458   0.05912         2       640    0.6247    0.5369    0.5843    0.2746   0.05882   0.02104    0.0112
     34/99     10.6G   0.04307   0.01115  0.004415   0.05864         3       640    0.6331    0.5327    0.5838    0.2747   0.05858   0.02106   0.01121
     35/99     10.6G   0.04296   0.01122   0.00432    0.0585         7       640    0.6203    0.5444    0.5863    0.2757   0.05845    0.0211   0.01122
     36/99     10.6G   0.04295   0.01106  0.004222   0.05824         6       640     0.639    0.5367    0.5889    0.2779   0.05833   0.02111   0.01123
     37/99     10.6G   0.04271   0.01115  0.004323   0.05818        12       640    0.6436    0.5339    0.5896    0.2797   0.05825   0.02108   0.01132
     38/99     10.6G   0.04284   0.01122  0.004331   0.05839        12       640    0.6466    0.5276    0.5892    0.2795   0.05808   0.02112   0.01135
     39/99     10.6G   0.04264    0.0112  0.004218   0.05806         7       640    0.6319    0.5389    0.5918    0.2821     0.058   0.02112   0.01135
     40/99     10.6G   0.04247   0.01108  0.004066   0.05761         7       640    0.6382    0.5348    0.5914    0.2817   0.05791   0.02113   0.01135
     41/99     10.6G   0.04223   0.01106  0.004185   0.05748         6       640    0.6319    0.5423    0.5925    0.2833   0.05786    0.0211   0.01135
     42/99     10.6G   0.04222   0.01108   0.00407   0.05737         7       640    0.6629     0.524    0.5944    0.2855   0.05778   0.02109    0.0114
     43/99     10.6G   0.04215   0.01106  0.004095   0.05731        14       640     0.665      0.53    0.5965     0.286   0.05772   0.02109    0.0114
     44/99     10.6G   0.04236   0.01108  0.004027   0.05747         8       640     0.659    0.5295    0.5971    0.2861   0.05764   0.02109   0.01138
     45/99     10.6G   0.04186   0.01116  0.003969   0.05699         6       640     0.656    0.5314    0.5969     0.287   0.05753   0.02111   0.01137
     46/99     10.6G   0.04187   0.01111   0.00396   0.05695        11       640    0.6639    0.5305    0.5987    0.2881   0.05744   0.02112   0.01138
     47/99     10.6G   0.04166    0.0111  0.003962   0.05673        14       640    0.6677    0.5295    0.5996    0.2884   0.05735   0.02113   0.01139
     48/99     10.6G   0.04162   0.01103  0.003871   0.05651         5       640    0.6612    0.5355    0.6007    0.2881   0.05728   0.02114    0.0114
     49/99     10.6G   0.04163   0.01093  0.003828   0.05639         4       640    0.6657    0.5323    0.6016    0.2887   0.05722   0.02115   0.01142
     50/99     10.6G   0.04147   0.01102  0.003905   0.05639        17       640    0.6947    0.5158    0.6016    0.2892   0.05715   0.02115   0.01142
     51/99     10.6G   0.04124   0.01094  0.003752   0.05593         5       640    0.6791    0.5267    0.6014    0.2899    0.0571   0.02116   0.01142
     52/99     10.6G   0.04094   0.01088  0.003795   0.05561         9       640    0.6807    0.5272    0.6025    0.2906   0.05704   0.02117   0.01142
     53/99     10.6G   0.04125   0.01089   0.00371   0.05586         4       640    0.6661    0.5365    0.6028    0.2911     0.057   0.02117   0.01143
     54/99     10.6G    0.0411   0.01095  0.003743    0.0558         2       640     0.696    0.5203    0.6043    0.2924   0.05695   0.02118   0.01141
     55/99     10.6G   0.04089   0.01083  0.003689   0.05541        14       640    0.6695     0.535    0.6055    0.2934   0.05691   0.02119   0.01139
     56/99     10.6G   0.04066   0.01088   0.00351   0.05505         4       640    0.6789     0.529    0.6069     0.293   0.05685   0.02121   0.01138
     57/99     10.6G   0.04064   0.01081  0.003681   0.05513         5       640     0.667    0.5395     0.608    0.2933   0.05679   0.02122   0.01138
     58/99     10.6G   0.04074   0.01087  0.003685   0.05529         9       640    0.6734    0.5356    0.6081    0.2937   0.05673   0.02123   0.01137
     59/99     10.6G   0.04058   0.01077  0.003536   0.05489         8       640     0.672    0.5375    0.6093    0.2945   0.05668   0.02124   0.01137
     60/99     10.6G   0.04033   0.01073  0.003324   0.05438        17       640    0.6758    0.5364    0.6103     0.295   0.05662   0.02126   0.01137
     61/99     10.6G   0.04031   0.01071  0.003422   0.05444        18       640    0.6686    0.5434    0.6108    0.2955   0.05656   0.02127   0.01136
     62/99     10.6G   0.04011   0.01071  0.003501   0.05432         5       640    0.6773    0.5381    0.6118    0.2969   0.05649   0.02129   0.01136
     63/99     10.6G   0.03994   0.01066  0.003362   0.05397         6       640    0.6778    0.5386    0.6122    0.2972   0.05643   0.02131   0.01135
     64/99     10.6G   0.04001   0.01065  0.003398   0.05406        13       640    0.6786    0.5391    0.6127    0.2979   0.05638   0.02133   0.01134
     65/99     10.6G   0.03985   0.01066  0.003275   0.05378        13       640    0.6757    0.5402    0.6134    0.2981   0.05633   0.02134   0.01134
     66/99     10.6G   0.03976   0.01054  0.003237   0.05354        10       640    0.6785    0.5386    0.6142    0.2986   0.05629   0.02136   0.01134
     67/99     10.6G   0.03937   0.01049  0.003186   0.05305         3       640    0.6796    0.5387    0.6156    0.2991   0.05625   0.02137   0.01135
     68/99     10.6G   0.03955   0.01055  0.003151   0.05325         4       640    0.6431    0.5632    0.6145    0.2992    0.0562   0.02138   0.01136
     69/99     10.6G   0.03933    0.0104  0.003148   0.05288        13       640     0.641    0.5647    0.6149    0.3004   0.05617   0.02139   0.01136
     70/99     10.6G   0.03929   0.01046  0.003127   0.05288         5       640    0.6373    0.5692    0.6154    0.3004   0.05611   0.02141   0.01135
     71/99     10.6G   0.03911   0.01052  0.003047   0.05268         6       640    0.6398    0.5679    0.6158    0.3013   0.05605   0.02143   0.01135
     72/99     2.69G   0.03914   0.01046  0.003125   0.05273         8       640    0.6349    0.5742    0.6168    0.3014   0.05599   0.02145   0.01134
     73/99     7.63G   0.03901   0.01043  0.003088   0.05253        21       640    0.6324    0.5782    0.6175    0.3022   0.05594   0.02146   0.01133
     74/99     10.6G   0.03893   0.01036  0.002992   0.05227        12       640    0.6318    0.5805    0.6183    0.3026   0.05587   0.02148   0.01133
     75/99     10.6G   0.03878    0.0103   0.00307   0.05215         7       640    0.6307    0.5839    0.6192    0.3035   0.05581    0.0215   0.01133
     76/99     10.6G   0.03863   0.01036  0.002949   0.05194        27       640    0.6325    0.5827    0.6196    0.3047   0.05574   0.02153   0.01132
     77/99     10.6G   0.03853   0.01046  0.002892   0.05188        11       640    0.6683    0.5572    0.6206    0.3057   0.05567   0.02155   0.01132
     78/99     10.6G   0.03814   0.01032  0.002797   0.05125        15       640    0.6507    0.5718     0.621    0.3053   0.05561   0.02157   0.01132
     79/99     10.6G    0.0383   0.01024  0.002824   0.05137         4       640    0.6493    0.5757    0.6221    0.3059   0.05555    0.0216   0.01132
     80/99     10.6G   0.03818   0.01041  0.002844   0.05143        12       640    0.6461    0.5799    0.6223    0.3066    0.0555   0.02162   0.01132
     81/99     10.6G   0.03789   0.01015  0.002767   0.05081         6       640    0.6464    0.5811     0.624     0.307   0.05544   0.02164   0.01132
     82/99     10.6G   0.03786   0.01024  0.002804    0.0509         7       640    0.6487    0.5795    0.6243    0.3079   0.05538   0.02167   0.01132
     83/99     10.6G   0.03777   0.01013   0.00279   0.05069        12       640    0.6483     0.582    0.6254    0.3088   0.05533   0.02169   0.01131
     84/99     10.6G   0.03771   0.01013  0.002675   0.05051         5       640    0.6478    0.5826    0.6266    0.3088   0.05527   0.02171   0.01132
     85/99     10.6G   0.03755   0.01013  0.002607   0.05028         4       640    0.6504    0.5806    0.6275    0.3092    0.0552   0.02174   0.01132
     86/99     10.6G   0.03731    0.0101  0.002607   0.05001         5       640     0.666      0.57    0.6283    0.3097   0.05514   0.02177   0.01131
     87/99     10.6G    0.0373   0.01003  0.002628   0.04996         3       640    0.6564    0.5786    0.6285    0.3104   0.05508   0.02179   0.01131
     88/99     10.6G   0.03739   0.01014   0.00252   0.05005        10       640     0.684    0.5617    0.6294    0.3111   0.05503   0.02182    0.0113
     89/99     10.6G   0.03719    0.0101  0.002512    0.0498         5       640    0.6861    0.5629    0.6309    0.3116   0.05497   0.02185   0.01129
     90/99     10.6G   0.03702   0.01007  0.002501    0.0496         5       640    0.6881    0.5621    0.6325     0.312   0.05491   0.02188   0.01129
     91/99     10.6G   0.03694  0.009932   0.00246   0.04933        11       640    0.6893    0.5629    0.6331    0.3125   0.05485   0.02191   0.01128
     92/99     10.6G    0.0369      0.01  0.002469   0.04937         5       640     0.691    0.5619    0.6324    0.3133   0.05481   0.02194   0.01128
     93/99     10.6G   0.03671   0.01001  0.002385   0.04911         4       640    0.6504    0.5929    0.6338     0.314   0.05476   0.02196   0.01128
     94/99     10.6G   0.03677  0.009849  0.002398   0.04902         9       640    0.6636    0.5833    0.6344    0.3139   0.05471   0.02198   0.01127
     95/99     10.6G   0.03657  0.009831  0.002302    0.0487        18       640    0.6872     0.569    0.6365    0.3146   0.05466   0.02201   0.01127
     96/99     10.6G   0.03646  0.009755  0.002378   0.04859         6       640    0.6807    0.5754    0.6362    0.3151   0.05461   0.02204   0.01126
     97/99     10.6G   0.03647  0.009899  0.002393   0.04876        24       640    0.6828     0.576    0.6366    0.3156   0.05456   0.02207   0.01126
     98/99     10.6G   0.03634  0.009882  0.002356   0.04858         5       640     0.687    0.5736    0.6373    0.3159   0.05452   0.02209   0.01125
     99/99     10.6G   0.03639   0.00985  0.002353   0.04859        13       640    0.6867    0.5749    0.6385    0.3165   0.05447   0.02212   0.01124
